Frequency (Hz)	Level (dB)
43.066406	-15.212654
86.132812	-21.116062
129.199219	-23.332478
172.265625	-24.791309
215.332031	-25.734270
258.398438	-26.584742
301.464844	-27.515432
344.531250	-28.310986
387.597656	-28.794701
430.664062	-28.847740
473.730469	-29.295006
516.796875	-29.785118
559.863281	-29.735123
602.929688	-30.380907
645.996094	-30.880777
689.062500	-30.930643
732.128906	-31.240507
775.195312	-31.696548
818.261719	-31.877707
861.328125	-32.124680
904.394531	-32.245579
947.460938	-32.636265
990.527344	-32.784229
1033.593750	-32.992943
1076.660156	-33.216709
1119.726562	-33.395493
1162.792969	-33.345551
1205.859375	-33.642075
1248.925781	-33.773708
1291.992188	-33.855854
1335.058594	-34.145855
1378.125000	-34.606560
1421.191406	-34.716343
1464.257812	-34.643829
1507.324219	-34.693279
1550.390625	-34.987514
1593.457031	-35.226425
1636.523438	-35.422279
1679.589844	-35.105965
1722.656250	-34.934963
1765.722656	-35.464149
1808.789062	-35.755642
1851.855469	-35.727646
1894.921875	-35.776161
1937.988281	-36.125553
1981.054688	-36.274456
2024.121094	-36.089664
2067.187500	-35.939892
2110.253906	-36.605103
2153.320312	-36.869793
2196.386719	-36.873283
2239.453125	-36.901424
2282.519531	-37.151283
2325.585938	-37.062222
2368.652344	-37.265800
2411.718750	-37.311302
2454.785156	-37.395500
2497.851562	-37.596859
2540.917969	-37.617989
2583.984375	-37.626949
2627.050781	-37.776287
2670.117188	-37.563019
2713.183594	-37.572826
2756.250000	-37.899525
2799.316406	-37.776291
2842.382812	-37.912468
2885.449219	-38.275429
2928.515625	-38.161514
2971.582031	-38.242683
3014.648438	-38.563175
3057.714844	-38.450130
3100.781250	-38.501263
3143.847656	-38.490562
3186.914062	-38.836163
3229.980469	-38.981365
3273.046875	-38.881123
3316.113281	-38.950375
3359.179688	-38.884357
3402.246094	-39.265278
3445.312500	-39.480556
3488.378906	-39.001400
3531.445312	-39.037582
3574.511719	-39.186169
3617.578125	-39.092934
3660.644531	-39.340641
3703.710938	-39.357048
3746.777344	-39.507721
3789.843750	-39.630535
3832.910156	-39.816902
3875.976562	-39.789307
3919.042969	-39.866264
3962.109375	-40.116993
4005.175781	-39.729591
4048.242188	-39.687309
4091.308594	-39.878494
4134.375000	-40.138966
4177.441406	-40.425262
4220.507812	-40.428841
4263.574219	-40.190971
4306.640625	-40.334648
4349.707031	-40.362598
4392.773438	-40.404144
4435.839844	-40.245731
4478.906250	-40.157494
4521.972656	-40.453545
4565.039062	-40.505474
4608.105469	-40.532925
4651.171875	-40.405453
4694.238281	-40.583157
4737.304688	-40.791847
4780.371094	-40.893265
4823.437500	-41.076786
4866.503906	-40.860226
4909.570312	-40.881302
4952.636719	-40.797901
4995.703125	-40.974045
5038.769531	-41.327297
5081.835938	-41.212700
5124.902344	-40.940178
5167.968750	-41.164085
5211.035156	-41.494137
5254.101562	-41.293266
5297.167969	-41.277325
5340.234375	-41.512020
5383.300781	-41.702293
5426.367188	-41.499767
5469.433594	-41.336128
5512.500000	-41.676735
5555.566406	-41.789368
5598.632812	-41.550331
5641.699219	-41.746769
5684.765625	-42.014416
5727.832031	-41.890255
5770.898438	-41.891331
5813.964844	-41.581570
5857.031250	-41.532150
5900.097656	-41.762207
5943.164062	-42.071369
5986.230469	-42.180759
6029.296875	-41.871067
6072.363281	-42.057274
6115.429688	-42.064243
6158.496094	-41.813019
6201.562500	-42.178349
6244.628906	-42.300213
6287.695312	-42.263157
6330.761719	-42.278206
6373.828125	-42.106400
6416.894531	-42.246853
6459.960938	-42.506470
6503.027344	-42.487999
6546.093750	-42.498402
6589.160156	-42.550564
6632.226562	-42.276161
6675.292969	-42.364307
6718.359375	-42.633236
6761.425781	-42.572163
6804.492188	-42.489983
6847.558594	-42.820713
6890.625000	-42.776520
6933.691406	-42.532234
6976.757812	-42.648190
7019.824219	-42.483395
7062.890625	-42.816277
7105.957031	-42.755112
7149.023438	-42.700809
7192.089844	-42.705578
7235.156250	-42.698959
7278.222656	-43.023369
7321.289062	-43.030205
7364.355469	-42.918846
7407.421875	-42.989407
7450.488281	-43.130508
7493.554688	-42.922279
7536.621094	-43.052338
7579.687500	-43.154785
7622.753906	-43.231064
7665.820312	-43.369057
7708.886719	-43.277786
7751.953125	-42.995049
7795.019531	-42.873081
7838.085938	-43.176231
7881.152344	-43.247154
7924.218750	-43.340328
7967.285156	-43.406780
8010.351562	-43.189739
8053.417969	-43.112591
8096.484375	-43.275356
8139.550781	-43.554199
8182.617188	-43.480293
8225.683594	-43.547798
8268.750000	-43.439098
8311.816406	-43.500706
8354.882812	-43.474503
8397.949219	-43.335983
8441.015625	-43.392353
8484.082031	-43.565815
8527.148438	-43.632721
8570.214844	-43.424858
8613.281250	-43.612591
8656.347656	-43.512600
8699.414062	-43.513996
8742.480469	-43.806229
8785.546875	-43.807716
8828.613281	-43.818714
8871.679688	-43.566811
8914.746094	-43.606926
8957.812500	-43.747608
9000.878906	-43.536819
9043.945312	-43.885353
9087.011719	-44.016277
9130.078125	-43.997280
9173.144531	-43.842167
9216.210938	-43.839279
9259.277344	-44.106220
9302.343750	-44.112667
9345.410156	-44.107990
9388.476562	-44.308804
9431.542969	-44.320709
9474.609375	-44.232315
9517.675781	-43.886753
9560.742188	-43.908573
9603.808594	-44.082558
9646.875000	-44.049141
9689.941406	-44.094624
9733.007812	-44.057831
9776.074219	-44.009155
9819.140625	-44.014400
9862.207031	-44.082886
9905.273438	-44.064598
9948.339844	-44.208000
9991.406250	-44.262302
10034.472656	-44.477764
10077.539062	-44.351524
10120.605469	-44.234898
10163.671875	-44.026779
10206.738281	-44.073467
10249.804688	-44.310993
10292.871094	-44.400700
10335.937500	-44.399475
10379.003906	-44.309219
10422.070312	-44.508038
10465.136719	-44.502346
10508.203125	-44.278423
10551.269531	-44.266479
10594.335938	-44.359238
10637.402344	-44.535923
10680.468750	-44.626545
10723.535156	-44.450867
10766.601562	-44.461288
10809.667969	-44.653564
10852.734375	-44.497818
10895.800781	-44.496811
10938.867188	-44.273670
10981.933594	-44.255028
11025.000000	-44.543797
11068.066406	-44.598679
11111.132812	-44.679180
11154.199219	-44.459885
11197.265625	-44.342873
11240.332031	-44.540607
11283.398438	-44.694805
11326.464844	-44.786732
11369.531250	-44.752068
11412.597656	-44.749153
11455.664062	-44.685837
11498.730469	-44.646694
11541.796875	-44.457943
11584.863281	-44.710888
11627.929688	-44.708557
11670.996094	-44.528519
11714.062500	-44.505302
11757.128906	-44.642696
11800.195312	-44.661629
11843.261719	-44.821011
11886.328125	-44.840759
11929.394531	-45.035358
11972.460938	-44.645718
12015.527344	-44.452744
12058.593750	-44.638103
12101.660156	-44.879322
12144.726562	-44.620224
12187.792969	-44.709377
12230.859375	-44.829277
12273.925781	-44.807354
12316.992188	-44.829979
12360.058594	-45.000771
12403.125000	-44.978252
12446.191406	-44.735382
12489.257812	-44.686848
12532.324219	-44.578575
12575.390625	-44.667053
12618.457031	-44.743954
12661.523438	-44.911652
12704.589844	-44.765171
12747.656250	-44.767254
12790.722656	-44.720512
12833.789062	-45.040016
12876.855469	-44.859798
12919.921875	-44.941929
12962.988281	-45.015675
13006.054688	-45.070129
13049.121094	-45.157684
13092.187500	-45.168030
13135.253906	-45.237461
13178.320312	-45.002144
13221.386719	-45.005474
13264.453125	-45.136616
13307.519531	-45.237446
13350.585938	-45.169189
13393.652344	-45.117756
13436.718750	-45.003323
13479.785156	-45.116062
13522.851562	-45.202198
13565.917969	-45.139790
13608.984375	-45.000713
13652.050781	-45.081028
13695.117188	-45.071281
13738.183594	-45.202679
13781.250000	-45.299740
13824.316406	-45.266270
13867.382812	-45.022114
13910.449219	-45.002655
13953.515625	-45.094093
13996.582031	-45.161903
14039.648438	-45.185760
14082.714844	-45.185600
14125.781250	-45.186432
14168.847656	-45.280865
14211.914062	-45.378616
14254.980469	-44.796646
14298.046875	-45.085400
14341.113281	-45.331760
14384.179688	-45.211761
14427.246094	-45.002010
14470.312500	-45.124878
14513.378906	-45.325558
14556.445312	-45.184681
14599.511719	-45.235981
14642.578125	-45.299686
14685.644531	-45.202690
14728.710938	-45.361984
14771.777344	-45.681396
14814.843750	-45.427849
14857.910156	-45.333981
14900.976562	-45.253750
14944.042969	-45.272541
14987.109375	-45.151649
15030.175781	-45.178356
15073.242188	-44.998161
15116.308594	-45.000946
15159.375000	-45.214512
15202.441406	-45.416607
15245.507812	-45.329651
15288.574219	-45.553196
15331.640625	-45.416260
15374.707031	-45.364334
15417.773438	-45.593197
15460.839844	-45.404373
15503.906250	-45.466892
15546.972656	-45.491184
15590.039062	-45.368301
15633.105469	-45.319199
15676.171875	-45.437981
15719.238281	-45.491760
15762.304688	-45.318226
15805.371094	-45.284420
15848.437500	-45.493980
15891.503906	-45.536907
15934.570312	-45.397774
15977.636719	-45.443253
16020.703125	-45.597187
16063.769531	-45.439213
16106.835938	-45.550865
16149.902344	-45.616226
16192.968750	-45.627480
16236.035156	-45.726051
16279.101562	-45.523487
16322.167969	-45.285221
16365.234375	-45.147301
16408.300781	-45.348652
16451.367188	-45.441944
16494.433594	-45.275841
16537.500000	-45.551392
16580.566406	-45.433216
16623.632812	-45.353138
16666.699219	-45.644135
16709.765625	-45.583267
16752.832031	-45.582405
16795.898438	-45.441166
16838.964844	-45.613071
16882.031250	-45.533302
16925.097656	-45.492825
16968.164062	-45.774345
17011.230469	-45.892086
17054.296875	-45.575790
17097.363281	-45.488155
17140.429688	-45.493706
17183.496094	-45.787498
17226.562500	-45.539696
17269.628906	-45.311020
17312.695312	-45.359474
17355.761719	-45.709621
17398.828125	-45.881973
17441.894531	-45.662277
17484.960938	-45.556976
17528.027344	-45.533939
17571.093750	-45.447189
17614.160156	-45.113667
17657.226562	-45.233425
17700.292969	-45.768230
17743.359375	-45.792374
17786.425781	-45.645748
17829.492188	-45.569023
17872.558594	-45.428440
17915.625000	-45.740837
17958.691406	-45.711372
18001.757812	-45.686420
18044.824219	-45.937187
18087.890625	-45.682396
18130.957031	-45.353924
18174.023438	-45.615829
18217.089844	-45.549088
18260.156250	-45.534882
18303.222656	-45.586197
18346.289062	-45.512604
18389.355469	-45.647533
18432.421875	-45.652840
18475.488281	-45.662537
18518.554688	-45.731434
18561.621094	-45.922050
18604.687500	-45.668438
18647.753906	-45.587879
18690.820312	-45.734848
18733.886719	-45.762383
18776.953125	-45.662163
18820.019531	-45.611988
18863.085938	-45.481617
18906.152344	-45.534111
18949.218750	-45.650505
18992.285156	-45.722324
19035.351562	-45.610283
19078.417969	-45.572891
19121.484375	-45.788155
19164.550781	-45.730400
19207.617188	-45.582745
19250.683594	-45.572605
19293.750000	-45.421631
19336.816406	-45.571831
19379.882812	-45.548798
19422.949219	-45.472500
19466.015625	-45.531597
19509.082031	-45.613312
19552.148438	-45.477871
19595.214844	-45.419373
19638.281250	-45.555271
19681.347656	-45.362328
19724.414062	-45.358719
19767.480469	-45.390785
19810.546875	-45.898731
19853.613281	-45.874722
19896.679688	-45.572380
19939.746094	-45.481888
19982.812500	-45.462791
20025.878906	-45.777870
20068.945312	-45.834064
20112.011719	-45.691231
20155.078125	-45.736622
20198.144531	-45.630417
20241.210938	-45.772118
20284.277344	-45.470528
20327.343750	-45.335030
20370.410156	-45.711090
20413.476562	-45.859371
20456.542969	-45.541451
20499.609375	-45.510792
20542.675781	-45.853237
20585.742188	-45.762733
20628.808594	-45.590370
20671.875000	-45.470783
20714.941406	-45.561562
20758.007812	-45.536068
20801.074219	-45.603230
20844.140625	-45.584698
20887.207031	-45.723988
20930.273438	-45.713070
20973.339844	-45.541492
21016.406250	-45.684933
21059.472656	-45.769241
21102.539062	-45.607555
21145.605469	-45.606094
21188.671875	-45.736343
21231.738281	-45.851929
21274.804688	-45.893845
21317.871094	-45.836758
21360.937500	-45.790531
21404.003906	-45.735649
21447.070312	-45.461567
21490.136719	-45.494732
21533.203125	-45.658298
21576.269531	-45.725754
21619.335938	-45.624252
21662.402344	-45.724442
21705.468750	-45.918522
21748.535156	-45.564850
21791.601562	-45.645554
21834.667969	-45.614491
21877.734375	-45.589870
21920.800781	-45.762112
21963.867188	-45.803593
22006.933594	-46.038208
